0.41632080078125
0.625244140625
0.855712890625
0.08758544921875
0.17626953125
0.11962890625
-0.00799560546875
0.18841552734375
0.92926025390625
0.913818359375
0.92620849609375
0.238525390625
-0.18994140625
0.7078857421875
1.0230102539063
0.498291015625
-0.07891845703125
1.0511474609375
0.9208984375
1.0029907226563
0.99993896484375
1.0225219726563
0.437255859375
0.40582275390625
1.0160522460938
1.0465698242188
0.6595458984375
1.0670166015625
1.0364990234375
0.0516357421875
1.061767578125
0.78076171875
0.93359375
-0.3184814453125
1.0291137695313
0.88653564453125
0.67449951171875
1.0123901367188
1.0208740234375
0.60614013671875
1.0233154296875
0.88616943359375
0.6483154296875
0.01116943359375
0.1337890625
0.96337890625
0.418701171875
0.67315673828125
0.8887939453125
0.437255859375
0.108154296875
1.1009521484375
0.58612060546875
0.629150390625
1.04150390625
0.99151611328125
0.96319580078125
1.0376586914063
0.36688232421875
1.012939453125
0.275146484375
0.04180908203125
0.8946533203125
0.86962890625
-0.0706787109375
0.9066162109375
-0.28851318359375
0.45501708984375
1.0510864257813
0.9573974609375
0.7510986328125
0.92047119140625
0.150146484375
0.2332763671875
1.009521484375
0.95318603515625
-0.38287353515625
-0.04412841796875
0.76318359375
0.94903564453125
