-0.97076416015625
-0.04949951171875
-0.10784912109375
0.00592041015625
-0.09320068359375
-0.507568359375
-0.14788818359375
-0.56402587890625
0.07208251953125
-0.1463623046875
-0.1558837890625
-0.282470703125
0.38580322265625
0.29010009765625
-0.10498046875
0.1815185546875
-0.00531005859375
0.19964599609375
-0.892822265625
-0.38079833984375
-0.031494140625
-0.26568603515625
0.2315673828125
-0.48187255859375
-0.8892822265625
-0.90130615234375
-0.269287109375
0.00897216796875
-0.16888427734375
-0.19775390625
-0.69866943359375
-0.23162841796875
0.03948974609375
-0.23773193359375
-0.56024169921875
-0.57977294921875
-0.31475830078125
-0.66558837890625
0.03546142578125
0.0379638671875
0.10699462890625
0.01995849609375
-0.095458984375
-1.0321044921875
-0.0867919921875
0.01666259765625
0.0057373046875
0.1085205078125
-0.384521484375
-0.956787109375
-0.55511474609375
-0.77313232421875
-0.09649658203125
-0.25433349609375
-0.23260498046875
-0.82012939453125
-0.272705078125
-0.2188720703125
-0.26519775390625
-0.27313232421875
-0.35955810546875
-0.2362060546875
-0.93853759765625
0.0751953125
0.19134521484375
0.10552978515625
-0.09344482421875
0.28778076171875
-0.7763671875
-0.54852294921875
-0.0789794921875
-0.1070556640625
0.5283203125
-0.3634033203125
-0.81707763671875
-0.97882080078125
-0.31201171875
-0.33599853515625
0.08135986328125
-0.00457763671875
-0.02752685546875
-0.80535888671875
0.005859375
-0.48193359375
-0.45501708984375
0.16229248046875
-0.07318115234375
-0.95587158203125
0.01190185546875
-0.12652587890625
-0.41827392578125
-0.3375244140625
-0.20526123046875
-0.7264404296875
-0.46160888671875
-0.26617431640625
-0.2596435546875
0.50042724609375
-0.51129150390625
-0.69793701171875
-0.75634765625
-0.456298828125
-0.02642822265625
-0.2933349609375
-0.30621337890625
-0.46038818359375
-0.82244873046875
-0.0775146484375
-0.27154541015625
-0.27105712890625
0.0777587890625
-0.053466796875
-0.9713134765625
-0.22650146484375
0.0859375
0.0853271484375
-0.2811279296875
0.34686279296875
-0.77227783203125
-0.53472900390625
-0.5460205078125
-0.43450927734375
0.1287841796875
-0.6146240234375
0.06097412109375
-0.7493896484375
-0.599853515625
-0.00225830078125
-0.19482421875
0.01007080078125
-0.63507080078125
-0.145263671875
-0.68804931640625
-0.08697509765625
0.02764892578125
-0.32171630859375
-0.3489990234375
0.90545654296875
0.27203369140625
0.001220703125
-0.13580322265625
-0.6676025390625
0.1776123046875
-0.3382568359375
-0.34844970703125
-0.3961181640625
-0.728515625
-0.16900634765625
-0.35540771484375
-0.4246826171875
-0.89666748046875
-0.26409912109375
0.3221435546875
0.0062255859375
0.197509765625
-0.0406494140625
-0.9329833984375
-0.01373291015625
-0.28192138671875
-0.22198486328125
-0.0245361328125
-0.02581787109375
-0.976318359375
-0.0379638671875
-0.0064697265625
-0.0714111328125
-0.2139892578125
0.32684326171875
-0.74365234375
-0.588134765625
-0.37750244140625
-0.38763427734375
0.3651123046875
-0.611572265625
-0.317138671875
-0.738037109375
-0.347412109375
-0.2481689453125
-0.2216796875
-0.4796142578125
-0.37261962890625
-0.86541748046875
-0.04864501953125
-0.19232177734375
-0.30828857421875
-0.333740234375
-0.29327392578125
0.3912353515625
-0.53863525390625
-0.5723876953125
0.08831787109375
-0.08477783203125
0.2442626953125
-0.85638427734375
-0.46844482421875
-0.13616943359375
-0.3218994140625
0.341796875
-0.43988037109375
-0.93829345703125
-0.56683349609375
-0.17279052734375
-0.583740234375
0.09637451171875
-0.077392578125
-0.388671875
-0.6097412109375
0.1986083984375
-0.227294921875
-0.44207763671875
-0.67523193359375
-0.54888916015625
-0.2874755859375
-0.38958740234375
0.23773193359375
-0.40380859375
-0.1875
-0.15606689453125
-0.6929931640625
-0.6287841796875
-0.6334228515625
-0.46649169921875
-0.17620849609375
-0.29058837890625
-0.19805908203125
-0.3935546875
-0.38934326171875
-0.58331298828125
-0.28216552734375
-0.48944091796875
-0.48931884765625
-0.64276123046875
-0.21026611328125
-0.38323974609375
-0.41064453125
-0.07958984375
-0.02099609375
-0.94647216796875
-0.00946044921875
0.0543212890625
-0.1126708984375
-0.27801513671875
0.41973876953125
-0.7467041015625
-0.5234375
-0.1324462890625
-0.18719482421875
0.03692626953125
-0.44439697265625
-0.9261474609375
-0.62939453125
-0.45782470703125
-0.33843994140625
0.2186279296875
-0.0093994140625
-0.5498046875
-0.325439453125
-0.20135498046875
-0.5872802734375
-0.43341064453125
-0.57244873046875
-0.4310302734375
-0.1019287109375
-0.19580078125
-0.43658447265625
-0.173095703125
-0.23956298828125
-0.0394287109375
-0.77099609375
-0.56781005859375
-0.3751220703125
-0.213134765625
-0.2548828125
-0.65234375
-0.75115966796875
-0.78814697265625
-0.41943359375
-0.07464599609375
-0.1580810546875
-0.14056396484375
-0.2655029296875
-0.8343505859375
-0.09661865234375
-0.410400390625
-0.3525390625
-0.21856689453125
-0.19775390625
-0.88287353515625
0.3028564453125
0.0693359375
-0.30609130859375
-0.268798828125
0.00177001953125
-0.78436279296875
-0.42242431640625
-0.26641845703125
-0.25885009765625
0.4949951171875
-0.383056640625
-0.7440185546875
-0.90478515625
-0.342529296875
-0.12786865234375
-0.15185546875
-0.14715576171875
-0.49993896484375
-0.487060546875
0.88995361328125
0.220947265625
0.29266357421875
-0.33154296875
-0.21734619140625
-0.750244140625
-0.14483642578125
-0.06939697265625
-0.13134765625
-0.20147705078125
0.40997314453125
-0.76654052734375
-0.52142333984375
-0.70086669921875
-0.23907470703125
0.2373046875
-0.4798583984375
0.013671875
-0.8126220703125
-0.517333984375
-0.0716552734375
-0.22265625
-0.19317626953125
0.04388427734375
-0.94451904296875
0.1385498046875
-0.22222900390625
-0.16082763671875
-0.75738525390625
-0.470947265625
-0.4228515625
0.133056640625
0.08477783203125
0.06170654296875
-0.20440673828125
0.265869140625
-0.72833251953125
-0.65203857421875
-0.02459716796875
-0.1517333984375
0.43548583984375
-0.31640625
-0.90570068359375
-0.51324462890625
-0.7056884765625
0.07525634765625
-0.1583251953125
0.02410888671875
-1.0020141601563
-0.2283935546875
-0.2373046875
0.044189453125
0.31390380859375
-0.03656005859375
-0.18719482421875
0.67822265625
-0.43670654296875
-0.7364501953125
0.2021484375
-0.078125
0.0067138671875
-0.837890625
-0.3662109375
-0.35284423828125
-0.16302490234375
-0.35443115234375
-0.45697021484375
-0.75323486328125
-0.94952392578125
-0.08026123046875
0.00921630859375
-0.31683349609375
-0.178955078125
-0.17822265625
-0.9000244140625
-0.063232421875
-0.3204345703125
-0.23822021484375
-0.56549072265625
-0.25421142578125
-0.73858642578125
-0.019287109375
0.1165771484375
0.08087158203125
-0.0667724609375
0.1246337890625
-0.93450927734375
-0.40679931640625
-0.1678466796875
-0.1390380859375
-0.19110107421875
-0.73779296875
-0.7550048828125
